   Elapsed time	 RESP, 	PLETH, 	    V, 	  AVR, 	   II, 
   hh:mm:ss.mmm	   (pm)	   (NU)	   (mV)	   (mV)	   (mV)
       0:00.000	  0.354	  0.436	  0.525	  0.304	  0.725
       0:00.008	  0.357	  0.432	  0.520	  0.335	  0.671
       0:00.016	  0.359	  0.428	  0.516	  0.375	  0.610
       0:00.024	  0.362	  0.424	  0.506	  0.420	  0.551
       0:00.032	  0.364	  0.421	  0.510	  0.449	  0.500
       0:00.040	  0.366	  0.418	  0.506	  0.480	  0.455
       0:00.048	  0.367	  0.417	  0.516	  0.510	  0.410
       0:00.056	  0.369	  0.416	  0.516	  0.520	  0.390
       0:00.064	  0.369	  0.415	  0.520	  0.535	  0.375
       0:00.072	  0.369	  0.414	  0.520	  0.545	  0.359
       0:00.080	  0.369	  0.413	  0.525	  0.545	  0.355
       0:00.088	  0.368	  0.412	  0.525	  0.555	  0.349
       0:00.096	  0.367	  0.410	  0.535	  0.551	  0.355
       0:00.104	  0.366	  0.408	  0.529	  0.545	  0.365
       0:00.112	  0.362	  0.407	  0.525	  0.545	  0.355
       0:00.120	  0.359	  0.407	  0.535	  0.545	  0.365
       0:00.128	  0.353	  0.407	  0.525	  0.545	  0.375
       0:00.136	  0.347	  0.408	  0.520	  0.535	  0.371
       0:00.144	  0.341	  0.409	  0.520	  0.529	  0.390
       0:00.152	  0.334	  0.409	  0.520	  0.529	  0.390
       0:00.160	  0.327	  0.411	  0.516	  0.529	  0.390
       0:00.168	  0.322	  0.412	  0.520	  0.520	  0.394
       0:00.176	  0.312	  0.412	  0.516	  0.520	  0.404
       0:00.184	  0.303	  0.411	  0.520	  0.520	  0.404
       0:00.192	  0.292	  0.409	  0.516	  0.520	  0.400
       0:00.200	  0.282	  0.407	  0.520	  0.525	  0.394
       0:00.208	  0.269	  0.405	  0.516	  0.529	  0.384
       0:00.216	  0.256	  0.405	  0.520	  0.529	  0.384
       0:00.224	  0.242	  0.406	  0.516	  0.529	  0.380
       0:00.232	  0.229	  0.409	  0.520	  0.520	  0.390
       0:00.240	  0.218	  0.413	  0.529	  0.516	  0.404
       0:00.248	  0.206	  0.420	  0.555	  0.500	  0.420
       0:00.256	  0.196	  0.432	  0.565	  0.506	  0.420
       0:00.264	  0.188	  0.453	  0.575	  0.494	  0.425
       0:00.272	  0.178	  0.474	  0.545	  0.500	  0.425
       0:00.280	  0.169	  0.496	  0.529	  0.510	  0.400
       0:00.288	  0.161	  0.518	  0.500	  0.520	  0.390
       0:00.296	  0.153	  0.535	  0.490	  0.516	  0.404
       0:00.304	  0.147	  0.550	  0.475	  0.516	  0.420
       0:00.312	  0.141	  0.564	  0.471	  0.500	  0.429
       0:00.320	  0.137	  0.576	  0.475	  0.500	  0.435
       0:00.328	  0.133	  0.585	  0.494	  0.510	  0.429
       0:00.336	  0.130	  0.592	  0.506	  0.520	  0.416
       0:00.344	  0.126	  0.596	  0.520	  0.525	  0.410
       0:00.352	  0.124	  0.599	  0.516	  0.520	  0.416
       0:00.360	  0.121	  0.601	  0.516	  0.520	  0.420
       0:00.368	  0.119	  0.602	  0.555	  0.525	  0.404
       0:00.376	  0.116	  0.603	  0.645	  0.551	  0.349
       0:00.384	  0.114	  0.603	  0.551	  0.384	  0.655
       0:00.392	  0.112	  0.601	  0.053	 -0.092	  1.504
       0:00.400	  0.110	  0.598	 -0.502	 -0.437	  1.504
       0:00.408	  0.109	  0.593	 -0.412	 -0.051	  1.504
       0:00.416	  0.107	  0.586	  0.200	  0.455	  0.661
       0:00.424	  0.106	  0.578	  0.439	  0.529	  0.429
       0:00.432	  0.102	  0.572	  0.506	  0.520	  0.420
       0:00.440	  0.099	  0.562	  0.539	  0.525	  0.404
       0:00.448	  0.095	  0.547	  0.565	  0.525	  0.384
       0:00.456	  0.090	  0.534	  0.580	  0.545	  0.349
       0:00.464	  0.086	  0.521	  0.596	  0.555	  0.339
       0:00.472	  0.082	  0.509	  0.580	  0.539	  0.355
       0:00.480	  0.078	  0.502	  0.565	  0.529	  0.380
       0:00.488	  0.075	  0.498	  0.555	  0.535	  0.380
       0:00.496	  0.070	  0.496	  0.555	  0.520	  0.390
       0:00.504	  0.065	  0.495	  0.545	  0.520	  0.404
       0:00.512	  0.061	  0.494	  0.539	  0.520	  0.394
       0:00.520	  0.055	  0.494	  0.539	  0.510	  0.404
       0:00.528	  0.049	  0.494	  0.529	  0.490	  0.429
       0:00.536	  0.044	  0.492	  0.520	  0.484	  0.435
       0:00.544	  0.038	  0.489	  0.520	  0.494	  0.439
       0:00.552	  0.033	  0.487	  0.525	  0.471	  0.461
       0:00.560	  0.028	  0.484	  0.535	  0.455	  0.484
       0:00.568	  0.024	  0.481	  0.539	  0.439	  0.516
       0:00.576	  0.022	  0.478	  0.525	  0.420	  0.551
       0:00.584	  0.020	  0.475	  0.520	  0.384	  0.606
       0:00.592	  0.020	  0.471	  0.516	  0.355	  0.655
       0:00.600	  0.019	  0.468	  0.510	  0.324	  0.696
       0:00.608	  0.020	  0.463	  0.500	  0.304	  0.725
       0:00.616	  0.022	  0.458	  0.500	  0.294	  0.741
       0:00.624	  0.023	  0.454	  0.490	  0.284	  0.751
       0:00.632	  0.026	  0.449	  0.490	  0.290	  0.741
       0:00.640	  0.030	  0.444	  0.475	  0.310	  0.716
       0:00.648	  0.035	  0.439	  0.484	  0.339	  0.665
       0:00.656	  0.042	  0.435	  0.484	  0.380	  0.606
       0:00.664	  0.050	  0.431	  0.490	  0.425	  0.545
       0:00.672	  0.061	  0.426	  0.484	  0.465	  0.475
       0:00.680	  0.070	  0.423	  0.500	  0.500	  0.429
       0:00.688	  0.082	  0.420	  0.510	  0.520	  0.384
       0:00.696	  0.095	  0.418	  0.520	  0.545	  0.345
       0:00.704	  0.108	  0.416	  0.525	  0.565	  0.320
       0:00.712	  0.121	  0.414	  0.525	  0.580	  0.310
       0:00.720	  0.134	  0.414	  0.525	  0.580	  0.310
       0:00.728	  0.147	  0.413	  0.529	  0.571	  0.310
       0:00.736	  0.159	  0.413	  0.525	  0.575	  0.304
       0:00.744	  0.171	  0.413	  0.520	  0.590	  0.294
       0:00.752	  0.185	  0.413	  0.516	  0.580	  0.300
       0:00.760	  0.197	  0.413	  0.506	  0.565	  0.329
       0:00.768	  0.211	  0.413	  0.500	  0.571	  0.329
       0:00.776	  0.226	  0.413	  0.500	  0.571	  0.324
       0:00.784	  0.238	  0.415	  0.506	  0.561	  0.339
       0:00.792	  0.250	  0.417	  0.510	  0.565	  0.329
       0:00.800	  0.262	  0.419	  0.516	  0.565	  0.335
       0:00.808	  0.274	  0.420	  0.500	  0.561	  0.339
       0:00.816	  0.284	  0.421	  0.506	  0.565	  0.339
       0:00.824	  0.295	  0.421	  0.506	  0.555	  0.339
       0:00.832	  0.306	  0.420	  0.500	  0.561	  0.339
       0:00.840	  0.317	  0.419	  0.500	  0.565	  0.335
       0:00.848	  0.328	  0.416	  0.506	  0.561	  0.329
       0:00.856	  0.340	  0.414	  0.500	  0.571	  0.320
       0:00.864	  0.352	  0.413	  0.510	  0.565	  0.329
       0:00.872	  0.364	  0.413	  0.506	  0.565	  0.335
       0:00.880	  0.374	  0.416	  0.535	  0.561	  0.339
       0:00.888	  0.385	  0.421	  0.555	  0.545	  0.355
       0:00.896	  0.394	  0.428	  0.571	  0.535	  0.365
       0:00.904	  0.404	  0.437	  0.555	  0.551	  0.345
       0:00.912	  0.414	  0.451	  0.539	  0.545	  0.335
       0:00.920	  0.425	  0.468	  0.500	  0.561	  0.314
       0:00.928	  0.438	  0.487	  0.484	  0.571	  0.310
       0:00.936	  0.450	  0.505	  0.465	  0.571	  0.314
       0:00.944	  0.461	  0.524	  0.461	  0.565	  0.329
       0:00.952	  0.473	  0.542	  0.465	  0.571	  0.320
       0:00.960	  0.484	  0.558	  0.461	  0.561	  0.335
       0:00.968	  0.496	  0.572	  0.475	  0.575	  0.310
       0:00.976	  0.508	  0.582	  0.475	  0.580	  0.310
       0:00.984	  0.522	  0.587	  0.471	  0.590	  0.304
       0:00.992	  0.536	  0.590	  0.465	  0.580	  0.310
       0:01.000	  0.550	  0.590	  0.475	  0.580	  0.314
       0:01.008	  0.567	  0.591	  0.565	  0.596	  0.265
       0:01.016	  0.583	  0.590	  0.584	  0.494	  0.455
       0:01.024	  0.599	  0.589	  0.239	  0.084	  1.208
       0:01.032	  0.617	  0.587	 -0.388	 -0.418	  1.504
       0:01.040	  0.632	  0.583	 -0.502	 -0.424	  1.504
       0:01.048	  0.647	  0.578	  0.029	  0.375	  0.826
       0:01.056	  0.662	  0.571	  0.394	  0.606	  0.335
       0:01.064	  0.675	  0.563	  0.475	  0.575	  0.314
       0:01.072	  0.690	  0.552	  0.480	  0.561	  0.335
       0:01.080	  0.704	  0.541	  0.500	  0.571	  0.314
       0:01.088	  0.718	  0.529	  0.510	  0.571	  0.310
       0:01.096	  0.733	  0.517	  0.520	  0.571	  0.304
       0:01.104	  0.747	  0.507	  0.525	  0.571	  0.310
       0:01.112	  0.761	  0.498	  0.520	  0.555	  0.314
       0:01.120	  0.773	  0.488	  0.506	  0.561	  0.310
       0:01.128	  0.786	  0.480	  0.494	  0.545	  0.335
       0:01.136	  0.799	  0.474	  0.490	  0.555	  0.335
       0:01.144	  0.812	  0.470	  0.494	  0.539	  0.349
       0:01.152	  0.826	  0.468	  0.500	  0.535	  0.365
       0:01.160	  0.840	  0.467	  0.484	  0.525	  0.375
       0:01.168	  0.854	  0.466	  0.475	  0.510	  0.404
       0:01.176	  0.870	  0.464	  0.480	  0.500	  0.425
       0:01.184	  0.885	  0.460	  0.490	  0.480	  0.449
       0:01.192	  0.900	  0.457	  0.490	  0.465	  0.480
       0:01.200	  0.915	  0.453	  0.494	  0.445	  0.516
       0:01.208	  0.929	  0.448	  0.475	  0.410	  0.571
       0:01.216	  0.941	  0.444	  0.461	  0.384	  0.610
       0:01.224	  0.955	  0.439	  0.445	  0.339	  0.676
       0:01.232	  0.968	  0.433	  0.429	  0.310	  0.731
       0:01.240	  0.981	  0.430	  0.429	  0.284	  0.776
       0:01.248	  0.991	  0.427	  0.425	  0.265	  0.800
       0:01.256	  1.000	  0.425	  0.425	  0.265	  0.800
       0:01.264	  1.000	  0.422	  0.429	  0.269	  0.800
       0:01.272	  1.000	  0.419	  0.410	  0.278	  0.776
       0:01.280	  1.000	  0.417	  0.404	  0.324	  0.716
       0:01.288	  1.000	  0.415	  0.429	  0.365	  0.651
       0:01.296	  1.000	  0.413	  0.471	  0.410	  0.584
       0:01.304	  1.000	  0.413	  0.500	  0.455	  0.506
       0:01.312	  1.000	  0.412	  0.539	  0.506	  0.435
       0:01.320	  1.000	  0.412	  0.565	  0.545	  0.371
       0:01.328	  1.000	  0.412	  0.596	  0.571	  0.329
       0:01.336	  1.000	  0.413	  0.600	  0.596	  0.290
       0:01.344	  1.000	  0.413	  0.610	  0.616	  0.259
       0:01.352	  1.000	  0.413	  0.616	  0.625	  0.239
       0:01.360	  1.000	  0.414	  0.610	  0.635	  0.229
       0:01.368	  1.000	  0.415	  0.590	  0.629	  0.239
       0:01.376	  1.000	  0.416	  0.584	  0.616	  0.255
       0:01.384	  1.000	  0.416	  0.580	  0.616	  0.265
       0:01.392	  1.000	  0.417	  0.584	  0.600	  0.284
       0:01.400	  1.000	  0.417	  0.590	  0.584	  0.304
       0:01.408	  1.000	  0.418	  0.596	  0.571	  0.329
       0:01.416	  1.000	  0.418	  0.606	  0.565	  0.345
       0:01.424	  1.000	  0.418	  0.596	  0.551	  0.355
       0:01.432	  1.000	  0.419	  0.596	  0.551	  0.371
       0:01.440	  1.000	  0.420	  0.590	  0.545	  0.380
       0:01.448	  1.000	  0.420	  0.590	  0.539	  0.384
       0:01.456	  1.000	  0.421	  0.571	  0.539	  0.394
       0:01.464	  1.000	  0.420	  0.571	  0.545	  0.384
       0:01.472	  1.000	  0.418	  0.565	  0.545	  0.384
       0:01.480	  1.000	  0.416	  0.565	  0.539	  0.380
       0:01.488	  1.000	  0.415	  0.555	  0.551	  0.375
       0:01.496	  1.000	  0.413	  0.551	  0.551	  0.371
       0:01.504	  1.000	  0.412	  0.545	  0.545	  0.365
       0:01.512	  1.000	  0.411	  0.561	  0.551	  0.359
       0:01.520	  1.000	  0.412	  0.571	  0.539	  0.375
       0:01.528	  1.000	  0.414	  0.596	  0.529	  0.384
       0:01.536	  1.000	  0.419	  0.606	  0.539	  0.380
       0:01.544	  1.000	  0.427	  0.616	  0.539	  0.359
       0:01.552	  1.000	  0.439	  0.590	  0.545	  0.349
       0:01.560	  1.000	  0.454	  0.565	  0.561	  0.314
       0:01.568	  1.000	  0.472	  0.525	  0.571	  0.310
       0:01.576	  1.000	  0.490	  0.516	  0.571	  0.320
       0:01.584	  1.000	  0.508	  0.490	  0.565	  0.335
       0:01.592	  1.000	  0.524	  0.484	  0.561	  0.339
       0:01.600	  1.000	  0.537	  0.494	  0.561	  0.335
       0:01.608	  1.000	  0.548	  0.500	  0.565	  0.335
       0:01.616	  1.000	  0.559	  0.500	  0.571	  0.324
       0:01.624	  1.000	  0.568	  0.500	  0.575	  0.329
       0:01.632	  0.989	  0.574	  0.500	  0.571	  0.335
       0:01.640	  0.978	  0.578	  0.494	  0.571	  0.345
       0:01.648	  0.959	  0.580	  0.551	  0.584	  0.300
       0:01.656	  0.939	  0.580	  0.610	  0.606	  0.259
       0:01.664	  0.919	  0.579	  0.449	  0.355	  0.716
       0:01.672	  0.898	  0.577	 -0.163	 -0.186	  1.504
       0:01.680	  0.879	  0.574	 -0.502	 -0.382	  1.504
       0:01.688	  0.859	  0.570	 -0.337	  0.094	  1.378
       0:01.696	  0.841	  0.564	  0.214	  0.516	  0.520
       0:01.704	  0.823	  0.555	  0.394	  0.545	  0.404
       0:01.712	  0.804	  0.544	  0.439	  0.525	  0.410
       0:01.720	  0.785	  0.533	  0.475	  0.539	  0.371
       0:01.728	  0.764	  0.521	  0.500	  0.539	  0.355
       0:01.736	  0.745	  0.509	  0.520	  0.555	  0.335
       0:01.744	  0.726	  0.500	  0.516	  0.545	  0.355
       0:01.752	  0.708	  0.492	  0.500	  0.535	  0.371
       0:01.760	  0.691	  0.486	  0.484	  0.529	  0.375
       0:01.768	  0.674	  0.480	  0.480	  0.535	  0.365
       0:01.776	  0.657	  0.474	  0.484	  0.525	  0.380
       0:01.784	  0.639	  0.469	  0.494	  0.529	  0.380
       0:01.792	  0.624	  0.465	  0.500	  0.520	  0.380
       0:01.800	  0.607	  0.462	  0.494	  0.516	  0.400
       0:01.808	  0.592	  0.460	  0.475	  0.500	  0.420
       0:01.816	  0.578	  0.457	  0.484	  0.500	  0.420
       0:01.824	  0.565	  0.455	  0.475	  0.475	  0.461
       0:01.832	  0.552	  0.451	  0.480	  0.465	  0.475
       0:01.840	  0.543	  0.446	  0.475	  0.449	  0.506
       0:01.848	  0.533	  0.441	  0.480	  0.435	  0.525
       0:01.856	  0.525	  0.437	  0.475	  0.400	  0.590
       0:01.864	  0.517	  0.432	  0.480	  0.375	  0.620
       0:01.872	  0.510	  0.428	  0.475	  0.339	  0.676
       0:01.880	  0.504	  0.425	  0.475	  0.310	  0.722
       0:01.888	  0.500	  0.423	  0.471	  0.284	  0.751
       0:01.896	  0.496	  0.421	  0.475	  0.269	  0.776
       0:01.904	  0.492	  0.419	  0.480	  0.278	  0.771
       0:01.912	  0.488	  0.417	  0.480	  0.275	  0.771
       0:01.920	  0.485	  0.415	  0.480	  0.294	  0.745
       0:01.928	  0.482	  0.413	  0.484	  0.329	  0.690
       0:01.936	  0.479	  0.413	  0.480	  0.371	  0.629
       0:01.944	  0.477	  0.411	  0.480	  0.410	  0.565
       0:01.952	  0.475	  0.410	  0.480	  0.449	  0.506
       0:01.960	  0.473	  0.409	  0.490	  0.490	  0.455
       0:01.968	  0.471	  0.408	  0.494	  0.516	  0.416
       0:01.976	  0.470	  0.408	  0.494	  0.529	  0.390
       0:01.984	  0.468	  0.408	  0.500	  0.545	  0.365
       0:01.992	  0.467	  0.408	  0.500	  0.561	  0.345
       0:02.000	  0.465	  0.408	  0.506	  0.571	  0.335
       0:02.008	  0.464	  0.409	  0.500	  0.565	  0.329
       0:02.016	  0.461	  0.409	  0.516	  0.565	  0.335
       0:02.024	  0.459	  0.408	  0.510	  0.571	  0.324
       0:02.032	  0.456	  0.408	  0.516	  0.561	  0.339
       0:02.040	  0.454	  0.408	  0.510	  0.545	  0.359
       0:02.048	  0.449	  0.409	  0.510	  0.545	  0.365
       0:02.056	  0.445	  0.409	  0.500	  0.545	  0.375
       0:02.064	  0.439	  0.411	  0.510	  0.539	  0.365
       0:02.072	  0.434	  0.412	  0.506	  0.535	  0.380
       0:02.080	  0.428	  0.412	  0.510	  0.529	  0.384
       0:02.088	  0.422	  0.413	  0.506	  0.535	  0.394
       0:02.096	  0.414	  0.413	  0.510	  0.520	  0.404
       0:02.104	  0.407	  0.411	  0.506	  0.529	  0.380
       0:02.112	  0.397	  0.409	  0.500	  0.520	  0.394
       0:02.120	  0.387	  0.407	  0.500	  0.520	  0.394
       0:02.128	  0.376	  0.405	  0.506	  0.529	  0.380
       0:02.136	  0.366	  0.405	  0.506	  0.535	  0.375
       0:02.144	  0.354	  0.406	  0.510	  0.539	  0.371
       0:02.152	  0.342	  0.409	  0.510	  0.535	  0.375
       0:02.160	  0.331	  0.414	  0.529	  0.525	  0.390
       0:02.168	  0.322	  0.424	  0.545	  0.520	  0.400
       0:02.176	  0.313	  0.438	  0.565	  0.520	  0.394
       0:02.184	  0.303	  0.457	  0.571	  0.520	  0.390
       0:02.192	  0.295	  0.475	  0.575	  0.529	  0.380
       0:02.200	  0.287	  0.493	  0.545	  0.539	  0.355
       0:02.208	  0.281	  0.512	  0.520	  0.561	  0.320
       0:02.216	  0.274	  0.531	  0.494	  0.551	  0.345
       0:02.224	  0.268	  0.549	  0.471	  0.545	  0.359
       0:02.232	  0.263	  0.565	  0.461	  0.545	  0.375
       0:02.240	  0.259	  0.579	  0.465	  0.545	  0.371
       0:02.248	  0.255	  0.589	  0.480	  0.545	  0.375
       0:02.256	  0.253	  0.598	  0.490	  0.561	  0.339
       0:02.264	  0.251	  0.604	  0.500	  0.565	  0.349
       0:02.272	  0.250	  0.608	  0.494	  0.571	  0.339
       0:02.280	  0.250	  0.610	  0.494	  0.565	  0.349
       0:02.288	  0.251	  0.610	  0.490	  0.561	  0.355
       0:02.296	  0.252	  0.610	  0.600	  0.590	  0.269
       0:02.304	  0.253	  0.609	  0.616	  0.500	  0.449
       0:02.312	  0.255	  0.609	  0.200	  0.110	  1.176
       0:02.320	  0.256	  0.606	 -0.502	 -0.367	  1.504
       0:02.328	  0.258	  0.601	 -0.502	 -0.382	  1.504
       0:02.336	  0.259	  0.594	 -0.073	  0.375	  0.816
       0:02.344	  0.260	  0.585	  0.300	  0.529	  0.455
       0:02.352	  0.259	  0.575	  0.410	  0.520	  0.429
       0:02.360	  0.259	  0.563	  0.471	  0.525	  0.400
       0:02.368	  0.257	  0.551	  0.506	  0.535	  0.365
       0:02.376	  0.256	  0.540	  0.535	  0.545	  0.349
       0:02.384	  0.254	  0.529	  0.545	  0.545	  0.339
       0:02.392	  0.252	  0.521	  0.539	  0.539	  0.349
       0:02.400	  0.249	  0.513	  0.539	  0.525	  0.371
       0:02.408	  0.246	  0.506	  0.529	  0.525	  0.359
       0:02.416	  0.241	  0.502	  0.525	  0.520	  0.380
       0:02.424	  0.238	  0.499	  0.520	  0.510	  0.394
       0:02.432	  0.233	  0.497	  0.529	  0.500	  0.404
       0:02.440	  0.227	  0.495	  0.529	  0.500	  0.416
       0:02.448	  0.221	  0.492	  0.535	  0.494	  0.420
       0:02.456	  0.215	  0.489	  0.520	  0.484	  0.429
       0:02.464	  0.208	  0.486	  0.520	  0.475	  0.449
       0:02.472	  0.202	  0.481	  0.525	  0.465	  0.471
       0:02.480	  0.196	  0.476	  0.520	  0.445	  0.490
       0:02.488	  0.192	  0.472	  0.520	  0.425	  0.520
       0:02.496	  0.188	  0.468	  0.520	  0.404	  0.565
       0:02.504	  0.183	  0.465	  0.516	  0.380	  0.600
       0:02.512	  0.179	  0.462	  0.516	  0.349	  0.645
       0:02.520	  0.175	  0.460	  0.510	  0.320	  0.696
       0:02.528	  0.171	  0.458	  0.510	  0.290	  0.745
       0:02.536	  0.168	  0.457	  0.506	  0.269	  0.776
       0:02.544	  0.165	  0.454	  0.520	  0.255	  0.796
       0:02.552	  0.163	  0.450	  0.520	  0.259	  0.796
       0:02.560	  0.161	  0.446	  0.520	  0.265	  0.780
       0:02.568	  0.159	  0.442	  0.506	  0.290	  0.741
       0:02.576	  0.158	  0.438	  0.500	  0.320	  0.700
       0:02.584	  0.157	  0.433	  0.494	  0.359	  0.651
       0:02.592	  0.155	  0.429	  0.500	  0.404	  0.584
       0:02.600	  0.154	  0.424	  0.506	  0.445	  0.525
       0:02.608	  0.153	  0.418	  0.516	  0.475	  0.480
       0:02.616	  0.152	  0.414	  0.529	  0.494	  0.455
       0:02.624	  0.152	  0.412	  0.545	  0.506	  0.429
       0:02.632	  0.151	  0.410	  0.545	  0.516	  0.416
       0:02.640	  0.150	  0.409	  0.565	  0.529	  0.400
       0:02.648	  0.149	  0.410	  0.575	  0.535	  0.390
       0:02.656	  0.148	  0.410	  0.575	  0.539	  0.390
       0:02.664	  0.147	  0.410	  0.571	  0.525	  0.404
       0:02.672	  0.145	  0.411	  0.571	  0.529	  0.416
       0:02.680	  0.143	  0.411	  0.575	  0.535	  0.410
       0:02.688	  0.141	  0.411	  0.571	  0.520	  0.420
       0:02.696	  0.138	  0.411	  0.580	  0.520	  0.425
       0:02.704	  0.134	  0.411	  0.575	  0.525	  0.420
       0:02.712	  0.131	  0.411	  0.580	  0.520	  0.425
       0:02.720	  0.127	  0.411	  0.571	  0.520	  0.416
       0:02.728	  0.123	  0.412	  0.575	  0.520	  0.425
       0:02.736	  0.118	  0.411	  0.571	  0.516	  0.425
       0:02.744	  0.112	  0.411	  0.571	  0.520	  0.416
       0:02.752	  0.106	  0.411	  0.565	  0.529	  0.410
       0:02.760	  0.099	  0.410	  0.555	  0.529	  0.404
       0:02.768	  0.091	  0.410	  0.545	  0.545	  0.394
       0:02.776	  0.083	  0.410	  0.539	  0.529	  0.404
       0:02.784	  0.075	  0.410	  0.535	  0.535	  0.400
       0:02.792	  0.066	  0.411	  0.539	  0.539	  0.380
       0:02.800	  0.060	  0.413	  0.545	  0.520	  0.404
       0:02.808	  0.053	  0.416	  0.561	  0.525	  0.410
       0:02.816	  0.048	  0.425	  0.590	  0.520	  0.404
       0:02.824	  0.042	  0.438	  0.600	  0.516	  0.416
       0:02.832	  0.037	  0.456	  0.590	  0.520	  0.394
       0:02.840	  0.032	  0.476	  0.561	  0.535	  0.375
       0:02.848	  0.027	  0.497	  0.529	  0.539	  0.365
       0:02.856	  0.023	  0.518	  0.500	  0.539	  0.359
       0:02.864	  0.022	  0.538	  0.490	  0.545	  0.359
       0:02.872	  0.020	  0.555	  0.480	  0.545	  0.365
       0:02.880	  0.020	  0.570	  0.475	  0.555	  0.355
       0:02.888	  0.020	  0.581	  0.480	  0.551	  0.359
       0:02.896	  0.022	  0.587	  0.494	  0.561	  0.349
       0:02.904	  0.026	  0.592	  0.494	  0.565	  0.339
       0:02.912	  0.031	  0.597	  0.500	  0.571	  0.335
       0:02.920	  0.037	  0.599	  0.490	  0.571	  0.335
       0:02.928	  0.045	  0.600	  0.484	  0.561	  0.345
       0:02.936	  0.053	  0.600	  0.584	  0.596	  0.274
       0:02.944	  0.063	  0.598	  0.616	  0.506	  0.429
       0:02.952	  0.072	  0.594	  0.290	  0.155	  1.092
       0:02.960	  0.083	  0.589	 -0.363	 -0.353	  1.504
       0:02.968	  0.094	  0.585	 -0.502	 -0.378	  1.504
       0:02.976	  0.105	  0.577	 -0.006	  0.345	  0.896
       0:02.984	  0.115	  0.567	  0.380	  0.590	  0.359
       0:02.992	  0.127	  0.556	  0.445	  0.571	  0.339
       0:03.000	  0.139	  0.545	  0.471	  0.551	  0.355
       0:03.008	  0.152	  0.532	  0.494	  0.561	  0.335
       0:03.016	  0.165	  0.517	  0.516	  0.571	  0.310
       0:03.024	  0.177	  0.503	  0.529	  0.565	  0.314
       0:03.032	  0.189	  0.492	  0.516	  0.561	  0.310
       0:03.040	  0.200	  0.482	  0.506	  0.565	  0.320
       0:03.048	  0.211	  0.476	  0.510	  0.551	  0.335
       0:03.056	  0.223	  0.472	  0.506	  0.561	  0.329
       0:03.064	  0.235	  0.470	  0.500	  0.545	  0.345
       0:03.072	  0.247	  0.469	  0.494	  0.551	  0.355
       0:03.080	  0.260	  0.467	  0.500	  0.539	  0.359
       0:03.088	  0.274	  0.466	  0.484	  0.535	  0.371
       0:03.096	  0.287	  0.465	  0.475	  0.539	  0.375
       0:03.104	  0.301	  0.463	  0.471	  0.520	  0.390
       0:03.112	  0.315	  0.461	  0.475	  0.506	  0.420
       0:03.120	  0.327	  0.459	  0.471	  0.490	  0.445
       0:03.128	  0.339	  0.456	  0.475	  0.465	  0.480
       0:03.136	  0.350	  0.453	  0.471	  0.435	  0.529
       0:03.144	  0.361	  0.450	  0.465	  0.404	  0.571
       0:03.152	  0.372	  0.446	  0.455	  0.375	  0.620
       0:03.160	  0.384	  0.441	  0.449	  0.335	  0.686
       0:03.168	  0.397	  0.435	  0.435	  0.304	  0.725
       0:03.176	  0.410	  0.430	  0.429	  0.294	  0.741
       0:03.184	  0.420	  0.425	  0.439	  0.290	  0.745
       0:03.192	  0.432	  0.421	  0.429	  0.284	  0.755
       0:03.200	  0.442	  0.417	  0.445	  0.304	  0.725
       0:03.208	  0.452	  0.414	  0.445	  0.329	  0.686
       0:03.216	  0.462	  0.413	  0.465	  0.375	  0.616
       0:03.224	  0.474	  0.411	  0.465	  0.404	  0.565
       0:03.232	  0.487	  0.411	  0.475	  0.455	  0.494
       0:03.240	  0.499	  0.409	  0.490	  0.500	  0.420
       0:03.248	  0.512	  0.407	  0.500	  0.535	  0.371
       0:03.256	  0.526	  0.406	  0.490	  0.551	  0.349
       0:03.264	  0.540	  0.405	  0.510	  0.565	  0.329
       0:03.272	  0.554	  0.404	  0.510	  0.584	  0.300
       0:03.280	  0.567	  0.403	  0.520	  0.584	  0.304
       0:03.288	  0.580	  0.402	  0.516	  0.590	  0.284
       0:03.296	  0.592	  0.402	  0.520	  0.590	  0.290
       0:03.304	  0.605	  0.401	  0.506	  0.596	  0.284
       0:03.312	  0.619	  0.399	  0.520	  0.584	  0.300
       0:03.320	  0.632	  0.397	  0.520	  0.580	  0.310
       0:03.328	  0.646	  0.394	  0.529	  0.575	  0.304
       0:03.336	  0.661	  0.392	  0.520	  0.565	  0.329
       0:03.344	  0.674	  0.390	  0.525	  0.571	  0.335
       0:03.352	  0.687	  0.389	  0.529	  0.565	  0.335
       0:03.360	  0.699	  0.388	  0.529	  0.571	  0.335
       0:03.368	  0.711	  0.388	  0.525	  0.565	  0.339
       0:03.376	  0.721	  0.388	  0.520	  0.551	  0.355
       0:03.384	  0.733	  0.388	  0.516	  0.545	  0.355
       0:03.392	  0.744	  0.387	  0.506	  0.551	  0.355
       0:03.400	  0.756	  0.385	  0.510	  0.545	  0.355
       0:03.408	  0.767	  0.383	  0.506	  0.555	  0.349
       0:03.416	  0.778	  0.381	  0.510	  0.561	  0.339
       0:03.424	  0.789	  0.379	  0.506	  0.555	  0.345
       0:03.432	  0.801	  0.378	  0.516	  0.551	  0.349
       0:03.440	  0.810	  0.380	  0.539	  0.555	  0.355
       0:03.448	  0.820	  0.382	  0.561	  0.545	  0.365
       0:03.456	  0.830	  0.388	  0.575	  0.535	  0.371
       0:03.464	  0.840	  0.397	  0.590	  0.539	  0.371
       0:03.472	  0.851	  0.409	  0.571	  0.539	  0.375
       0:03.480	  0.862	  0.425	  0.545	  0.555	  0.335
       0:03.488	  0.875	  0.441	  0.506	  0.565	  0.320
       0:03.496	  0.888	  0.457	  0.500	  0.565	  0.335
       0:03.504	  0.899	  0.477	  0.490	  0.561	  0.339
       0:03.512	  0.912	  0.496	  0.500	  0.571	  0.345
       0:03.520	  0.923	  0.513	  0.500	  0.580	  0.324
       0:03.528	  0.935	  0.530	  0.520	  0.575	  0.324
       0:03.536	  0.947	  0.544	  0.535	  0.590	  0.304
       0:03.544	  0.960	  0.554	  0.520	  0.596	  0.300
       0:03.552	  0.975	  0.564	  0.500	  0.584	  0.310
       0:03.560	  0.988	  0.571	  0.516	  0.590	  0.310
       0:03.568	  0.994	  0.574	  0.584	  0.606	  0.290
       0:03.576	  1.000	  0.576	  0.680	  0.616	  0.255
       0:03.584	  1.000	  0.577	  0.571	  0.394	  0.651
       0:03.592	  1.000	  0.577	  0.069	 -0.147	  1.504
       0:03.600	  1.000	  0.577	 -0.427	 -0.392	  1.504
       0:03.608	  1.000	  0.574	 -0.433	  0.059	  1.463
       0:03.616	  1.000	  0.570	  0.304	  0.535	  0.506
       0:03.624	  1.000	  0.562	  0.506	  0.606	  0.329
       0:03.632	  1.000	  0.551	  0.529	  0.561	  0.359
       0:03.640	  1.000	  0.540	  0.539	  0.545	  0.365
       0:03.648	  1.000	  0.527	  0.555	  0.545	  0.371
       0:03.656	  1.000	  0.515	  0.561	  0.545	  0.359
       0:03.664	  1.000	  0.504	  0.580	  0.561	  0.335
       0:03.672	  1.000	  0.497	  0.584	  0.555	  0.335
       0:03.680	  1.000	  0.490	  0.565	  0.545	  0.349
       0:03.688	  1.000	  0.485	  0.535	  0.535	  0.371
       0:03.696	  1.000	  0.480	  0.535	  0.525	  0.380
       0:03.704	  1.000	  0.477	  0.535	  0.520	  0.400
       0:03.712	  1.000	  0.475	  0.535	  0.516	  0.394
       0:03.720	  1.000	  0.473	  0.520	  0.510	  0.404
       0:03.728	  1.000	  0.470	  0.510	  0.506	  0.420
       0:03.736	  1.000	  0.469	  0.500	  0.500	  0.425
       0:03.744	  1.000	  0.467	  0.516	  0.490	  0.429
       0:03.752	  1.000	  0.465	  0.510	  0.475	  0.455
       0:03.760	  1.000	  0.463	  0.510	  0.449	  0.494
       0:03.768	  1.000	  0.460	  0.494	  0.429	  0.529
       0:03.776	  1.000	  0.458	  0.475	  0.404	  0.575
       0:03.784	  1.000	  0.456	  0.455	  0.371	  0.635
       0:03.792	  1.000	  0.453	  0.449	  0.329	  0.696
       0:03.800	  1.000	  0.449	  0.439	  0.290	  0.761
       0:03.808	  1.000	  0.445	  0.439	  0.265	  0.790
       0:03.816	  1.000	  0.440	  0.439	  0.245	  0.826
       0:03.824	  1.000	  0.436	  0.435	  0.249	  0.812
       0:03.832	  1.000	  0.432	  0.445	  0.265	  0.796
       0:03.840	  1.000	  0.427	  0.439	  0.284	  0.761
       0:03.848	  1.000	  0.422	  0.449	  0.320	  0.706
       0:03.856	  1.000	  0.417	  0.455	  0.365	  0.635
       0:03.864	  1.000	  0.414	  0.461	  0.404	  0.580
       0:03.872	  1.000	  0.411	  0.461	  0.449	  0.506
       0:03.880	  1.000	  0.408	  0.465	  0.480	  0.461
       0:03.888	  1.000	  0.407	  0.475	  0.516	  0.404
       0:03.896	  1.000	  0.406	  0.490	  0.535	  0.380
       0:03.904	  1.000	  0.405	  0.500	  0.545	  0.355
       0:03.912	  1.000	  0.405	  0.506	  0.551	  0.345
       0:03.920	  0.992	  0.404	  0.506	  0.561	  0.335
       0:03.928	  0.983	  0.402	  0.510	  0.565	  0.329
       0:03.936	  0.962	  0.400	  0.500	  0.565	  0.335
       0:03.944	  0.940	  0.400	  0.510	  0.561	  0.335
       0:03.952	  0.915	  0.399	  0.500	  0.555	  0.345
       0:03.960	  0.891	  0.399	  0.500	  0.545	  0.355
       0:03.968	  0.862	  0.399	  0.500	  0.545	  0.359
       0:03.976	  0.835	  0.399	  0.500	  0.535	  0.355
       0:03.984	  0.809	  0.399	  0.500	  0.535	  0.380
       0:03.992	  0.783	  0.400	  0.500	  0.535	  0.380
       0:04.000	  0.759	  0.398	  0.500	  0.525	  0.390
       0:04.008	  0.734	  0.396	  0.490	  0.520	  0.404
       0:04.016	  0.709	  0.394	  0.494	  0.525	  0.394
       0:04.024	  0.683	  0.392	  0.490	  0.520	  0.400
       0:04.032	  0.657	  0.389	  0.494	  0.525	  0.394
       0:04.040	  0.630	  0.386	  0.494	  0.520	  0.404
       0:04.048	  0.605	  0.383	  0.500	  0.525	  0.390
       0:04.056	  0.579	  0.381	  0.500	  0.535	  0.380
       0:04.064	  0.554	  0.379	  0.510	  0.545	  0.365
       0:04.072	  0.530	  0.380	  0.510	  0.545	  0.359
       0:04.080	  0.508	  0.382	  0.520	  0.529	  0.380
       0:04.088	  0.487	  0.385	  0.535	  0.520	  0.400
       0:04.096	  0.468	  0.391	  0.555	  0.520	  0.410
       0:04.104	  0.449	  0.401	  0.571	  0.516	  0.400
       0:04.112	  0.433	  0.413	  0.575	  0.510	  0.410
       0:04.120	  0.416	  0.430	  0.535	  0.520	  0.384
       0:04.128	  0.403	  0.450	  0.539	  0.545	  0.355
       0:04.136	  0.388	  0.471	  0.490	  0.539	  0.349
       0:04.144	  0.377	  0.492	  0.471	  0.545	  0.345
       0:04.152	  0.367	  0.510	  0.449	  0.539	  0.375
       0:04.160	  0.358	  0.527	  0.449	  0.545	  0.365
       0:04.168	  0.350	  0.541	  0.461	  0.545	  0.371
       0:04.176	  0.343	  0.551	  0.475	  0.551	  0.359
       0:04.184	  0.336	  0.559	  0.480	  0.571	  0.345
       0:04.192	  0.331	  0.565	  0.475	  0.571	  0.339
       0:04.200	  0.326	  0.569	  0.480	  0.571	  0.339
       0:04.208	  0.324	  0.573	  0.475	  0.565	  0.339
       0:04.216	  0.321	  0.575	  0.580	  0.590	  0.274
       0:04.224	  0.319	  0.576	  0.610	  0.596	  0.265
       0:04.232	  0.317	  0.576	  0.310	  0.233	  0.941
       0:04.240	  0.315	  0.575	 -0.412	 -0.312	  1.504
       0:04.248	  0.313	  0.571	 -0.502	 -0.408	  1.504
       0:04.256	  0.312	  0.565	 -0.247	  0.239	  1.106
       0:04.264	  0.311	  0.558	  0.245	  0.525	  0.480
       0:04.272	  0.309	  0.548	  0.390	  0.539	  0.420
       0:04.280	  0.308	  0.538	  0.461	  0.529	  0.384
       0:04.288	  0.306	  0.529	  0.500	  0.551	  0.355
       0:04.296	  0.304	  0.520	  0.535	  0.561	  0.329
       0:04.304	  0.303	  0.509	  0.539	  0.571	  0.320
       0:04.312	  0.302	  0.500	  0.529	  0.555	  0.329
       0:04.320	  0.300	  0.494	  0.520	  0.545	  0.349
       0:04.328	  0.299	  0.488	  0.525	  0.539	  0.345
       0:04.336	  0.298	  0.483	  0.516	  0.529	  0.365
       0:04.344	  0.296	  0.481	  0.520	  0.525	  0.375
       0:04.352	  0.295	  0.480	  0.535	  0.535	  0.371
       0:04.360	  0.293	  0.479	  0.545	  0.520	  0.380
       0:04.368	  0.293	  0.479	  0.529	  0.520	  0.390
       0:04.376	  0.293	  0.477	  0.525	  0.516	  0.404
       0:04.384	  0.294	  0.474	  0.520	  0.500	  0.420
       0:04.392	  0.295	  0.471	  0.525	  0.490	  0.439
       0:04.400	  0.296	  0.466	  0.520	  0.475	  0.465
       0:04.408	  0.297	  0.461	  0.520	  0.455	  0.490
       0:04.416	  0.299	  0.457	  0.520	  0.420	  0.539
       0:04.424	  0.301	  0.452	  0.520	  0.400	  0.580
       0:04.432	  0.304	  0.447	  0.529	  0.375	  0.625
       0:04.440	  0.308	  0.442	  0.520	  0.335	  0.686
       0:04.448	  0.313	  0.437	  0.525	  0.314	  0.706
       0:04.456	  0.317	  0.433	  0.520	  0.294	  0.741
       0:04.464	  0.322	  0.430	  0.529	  0.284	  0.751
       0:04.472	  0.326	  0.426	  0.525	  0.278	  0.767
       0:04.480	  0.329	  0.423	  0.535	  0.284	  0.751
       0:04.488	  0.333	  0.421	  0.525	  0.310	  0.710
       0:04.496	  0.338	  0.419	  0.525	  0.345	  0.655
       0:04.504	  0.343	  0.416	  0.510	  0.380	  0.610
       0:04.512	  0.348	  0.414	  0.506	  0.420	  0.555
       0:04.520	  0.353	  0.413	  0.500	  0.455	  0.494
       0:04.528	  0.357	  0.413	  0.506	  0.490	  0.439
       0:04.536	  0.361	  0.412	  0.510	  0.510	  0.404
       0:04.544	  0.364	  0.412	  0.520	  0.520	  0.394
       0:04.552	  0.367	  0.412	  0.520	  0.529	  0.380
       0:04.560	  0.368	  0.412	  0.525	  0.535	  0.375
       0:04.568	  0.370	  0.412	  0.529	  0.535	  0.359
       0:04.576	  0.370	  0.412	  0.520	  0.535	  0.371
       0:04.584	  0.370	  0.411	  0.529	  0.539	  0.365
       0:04.592	  0.369	  0.410	  0.535	  0.535	  0.371
       0:04.600	  0.367	  0.410	  0.529	  0.535	  0.365
       0:04.608	  0.363	  0.410	  0.529	  0.535	  0.380
       0:04.616	  0.359	  0.410	  0.535	  0.525	  0.384
       0:04.624	  0.355	  0.410	  0.529	  0.525	  0.390
       0:04.632	  0.351	  0.411	  0.525	  0.525	  0.394
       0:04.640	  0.346	  0.411	  0.520	  0.525	  0.400
       0:04.648	  0.341	  0.414	  0.529	  0.520	  0.400
       0:04.656	  0.333	  0.419	  0.520	  0.520	  0.394
       0:04.664	  0.326	  0.421	  0.520	  0.510	  0.410
       0:04.672	  0.317	  0.422	  0.520	  0.516	  0.410
       0:04.680	  0.307	  0.422	  0.525	  0.516	  0.404
       0:04.688	  0.295	  0.422	  0.525	  0.520	  0.400
       0:04.696	  0.284	  0.422	  0.525	  0.520	  0.394
       0:04.704	  0.272	  0.422	  0.520	  0.525	  0.390
       0:04.712	  0.260	  0.423	  0.525	  0.525	  0.380
       0:04.720	  0.249	  0.425	  0.535	  0.520	  0.390
       0:04.728	  0.239	  0.430	  0.555	  0.510	  0.410
       0:04.736	  0.229	  0.441	  0.571	  0.500	  0.429
       0:04.744	  0.219	  0.456	  0.580	  0.494	  0.439
       0:04.752	  0.209	  0.474	  0.565	  0.494	  0.435
       0:04.760	  0.200	  0.496	  0.545	  0.500	  0.420
       0:04.768	  0.192	  0.518	  0.525	  0.506	  0.400
       0:04.776	  0.183	  0.540	  0.506	  0.510	  0.404
       0:04.784	  0.176	  0.558	  0.475	  0.516	  0.416
       0:04.792	  0.169	  0.573	  0.471	  0.500	  0.439
       0:04.800	  0.163	  0.586	  0.475	  0.506	  0.429
       0:04.808	  0.158	  0.596	  0.490	  0.510	  0.429
       0:04.816	  0.153	  0.605	  0.500	  0.516	  0.425
       0:04.824	  0.150	  0.613	  0.516	  0.520	  0.420
       0:04.832	  0.147	  0.618	  0.520	  0.520	  0.416
       0:04.840	  0.143	  0.620	  0.516	  0.520	  0.425
       0:04.848	  0.140	  0.621	  0.520	  0.516	  0.429
       0:04.856	  0.137	  0.622	  0.596	  0.539	  0.365
       0:04.864	  0.134	  0.622	  0.645	  0.545	  0.355
       0:04.872	  0.131	  0.621	  0.400	  0.210	  0.992
       0:04.880	  0.128	  0.618	 -0.273	 -0.343	  1.504
       0:04.888	  0.125	  0.613	 -0.502	 -0.447	  1.504
       0:04.896	  0.122	  0.607	 -0.127	  0.214	  1.147
       0:04.904	  0.119	  0.599	  0.339	  0.520	  0.510
       0:04.912	  0.114	  0.589	  0.480	  0.525	  0.435
       0:04.920	  0.110	  0.580	  0.520	  0.506	  0.425
       0:04.928	  0.106	  0.568	  0.551	  0.520	  0.404
       0:04.936	  0.100	  0.555	  0.571	  0.525	  0.384
       0:04.944	  0.096	  0.543	  0.584	  0.539	  0.365
       0:04.952	  0.091	  0.531	  0.580	  0.539	  0.359
       0:04.960	  0.086	  0.521	  0.565	  0.529	  0.380
       0:04.968	  0.082	  0.513	  0.551	  0.535	  0.375
       0:04.976	  0.076	  0.507	  0.561	  0.520	  0.384
       0:04.984	  0.070	  0.502	  0.545	  0.520	  0.390
       0:04.992	  0.063	  0.500	  0.539	  0.520	  0.400
       0:05.000	  0.055	  0.499	  0.551	  0.510	  0.404
       0:05.008	  0.048	  0.497	  0.539	  0.500	  0.420
       0:05.016	  0.040	  0.495	  0.529	  0.500	  0.429
       0:05.024	  0.033	  0.494	  0.525	  0.494	  0.445
       0:05.032	  0.026	  0.492	  0.535	  0.490	  0.449
       0:05.040	  0.022	  0.488	  0.525	  0.471	  0.475
       0:05.048	  0.016	  0.484	  0.529	  0.449	  0.510
       0:05.056	  0.012	  0.480	  0.520	  0.429	  0.535
       0:05.064	  0.008	  0.476	  0.520	  0.404	  0.571
       0:05.072	  0.006	  0.472	  0.506	  0.371	  0.629
       0:05.080	  0.003	  0.468	  0.500	  0.335	  0.680
       0:05.088	  0.003	  0.464	  0.500	  0.314	  0.710
       0:05.096	  0.002	  0.459	  0.500	  0.300	  0.731
       0:05.104	  0.003	  0.456	  0.484	  0.290	  0.745
       0:05.112	  0.004	  0.452	  0.490	  0.290	  0.745
       0:05.120	  0.006	  0.448	  0.480	  0.304	  0.725
       0:05.128	  0.009	  0.444	  0.494	  0.320	  0.696
       0:05.136	  0.013	  0.441	  0.500	  0.355	  0.641
       0:05.144	  0.018	  0.436	  0.500	  0.384	  0.580
       0:05.152	  0.024	  0.431	  0.490	  0.435	  0.520
       0:05.160	  0.031	  0.427	  0.500	  0.475	  0.461
       0:05.168	  0.040	  0.424	  0.500	  0.516	  0.400
       0:05.176	  0.050	  0.421	  0.520	  0.539	  0.371
       0:05.184	  0.062	  0.418	  0.520	  0.545	  0.349
       0:05.192	  0.073	  0.417	  0.529	  0.561	  0.335
       0:05.200	  0.084	  0.414	  0.535	  0.571	  0.314
       0:05.208	  0.096	  0.413	  0.529	  0.575	  0.304
       0:05.216	  0.108	  0.410	  0.525	  0.571	  0.310
       0:05.224	  0.119	  0.408	  0.520	  0.571	  0.310
       0:05.232	  0.133	  0.407	  0.520	  0.575	  0.310
       0:05.240	  0.147	  0.407	  0.516	  0.571	  0.324
       0:05.248	  0.160	  0.407	  0.506	  0.555	  0.335
       0:05.256	  0.175	  0.409	  0.500	  0.561	  0.329
       0:05.264	  0.188	  0.411	  0.516	  0.555	  0.335
       0:05.272	  0.201	  0.413	  0.510	  0.565	  0.339
       0:05.280	  0.213	  0.414	  0.525	  0.551	  0.349
       0:05.288	  0.225	  0.415	  0.520	  0.565	  0.335
       0:05.296	  0.238	  0.416	  0.516	  0.551	  0.345
       0:05.304	  0.250	  0.416	  0.510	  0.555	  0.345
       0:05.312	  0.263	  0.415	  0.516	  0.565	  0.329
       0:05.320	  0.276	  0.414	  0.506	  0.561	  0.335
       0:05.328	  0.289	  0.413	  0.510	  0.555	  0.335
       0:05.336	  0.302	  0.412	  0.506	  0.571	  0.310
       0:05.344	  0.316	  0.411	  0.500	  0.565	  0.329
       0:05.352	  0.329	  0.411	  0.506	  0.551	  0.355
       0:05.360	  0.341	  0.412	  0.535	  0.555	  0.349
       0:05.368	  0.354	  0.414	  0.551	  0.551	  0.355
       0:05.376	  0.365	  0.420	  0.565	  0.539	  0.349
       0:05.384	  0.376	  0.428	  0.571	  0.529	  0.355
       0:05.392	  0.388	  0.439	  0.539	  0.555	  0.320
       0:05.400	  0.401	  0.454	  0.500	  0.565	  0.310
       0:05.408	  0.413	  0.472	  0.494	  0.571	  0.310
       0:05.416	  0.427	  0.492	  0.471	  0.571	  0.310
       0:05.424	  0.440	  0.510	  0.449	  0.555	  0.329
       0:05.432	  0.452	  0.529	  0.455	  0.565	  0.320
       0:05.440	  0.464	  0.544	  0.461	  0.571	  0.320
       0:05.448	  0.476	  0.558	  0.475	  0.561	  0.329
       0:05.456	  0.490	  0.569	  0.475	  0.580	  0.300
       0:05.464	  0.502	  0.577	  0.480	  0.571	  0.314
       0:05.472	  0.517	  0.584	  0.475	  0.575	  0.314
       0:05.480	  0.533	  0.588	  0.494	  0.575	  0.324
       0:05.488	  0.548	  0.589	  0.580	  0.606	  0.259
       0:05.496	  0.564	  0.590	  0.584	  0.475	  0.494
       0:05.504	  0.580	  0.590	  0.159	  0.004	  1.357
       0:05.512	  0.596	  0.589	 -0.443	 -0.433	  1.504
       0:05.520	  0.610	  0.587	 -0.502	 -0.147	  1.504
       0:05.528	  0.625	  0.583	  0.114	  0.449	  0.680
       0:05.536	  0.637	  0.577	  0.429	  0.620	  0.300
       0:05.544	  0.650	  0.570	  0.475	  0.571	  0.329
       0:05.552	  0.664	  0.560	  0.490	  0.555	  0.335
       0:05.560	  0.677	  0.548	  0.520	  0.565	  0.314
       0:05.568	  0.692	  0.537	  0.520	  0.584	  0.284
       0:05.576	  0.708	  0.524	  0.529	  0.584	  0.284
       0:05.584	  0.720	  0.513	  0.520	  0.571	  0.310
       0:05.592	  0.734	  0.505	  0.506	  0.565	  0.320
       0:05.600	  0.747	  0.499	  0.484	  0.565	  0.314
       0:05.608	  0.761	  0.493	  0.490	  0.561	  0.320
       0:05.616	  0.774	  0.487	  0.494	  0.571	  0.329
       0:05.624	  0.788	  0.483	  0.500	  0.555	  0.339
       0:05.632	  0.803	  0.481	  0.506	  0.545	  0.355
       0:05.640	  0.818	  0.480	  0.494	  0.529	  0.375
       0:05.648	  0.834	  0.479	  0.494	  0.520	  0.390
       0:05.656	  0.849	  0.478	  0.490	  0.510	  0.404
       0:05.664	  0.866	  0.474	  0.500	  0.484	  0.445
       0:05.672	  0.882	  0.470	  0.494	  0.461	  0.480
       0:05.680	  0.896	  0.466	  0.484	  0.445	  0.510
       0:05.688	  0.911	  0.462	  0.475	  0.425	  0.551
       0:05.696	  0.925	  0.457	  0.461	  0.384	  0.606
       0:05.704	  0.937	  0.453	  0.449	  0.355	  0.661
       0:05.712	  0.952	  0.449	  0.449	  0.329	  0.710
       0:05.720	  0.967	  0.445	  0.445	  0.300	  0.745
       0:05.728	  0.981	  0.441	  0.449	  0.284	  0.767
       0:05.736	  0.997	  0.436	  0.449	  0.284	  0.771
       0:05.744	  0.998	  0.431	  0.455	  0.290	  0.755
       0:05.752	  1.000	  0.427	  0.445	  0.310	  0.725
       0:05.760	  1.000	  0.424	  0.461	  0.349	  0.671
       0:05.768	  1.000	  0.421	  0.490	  0.394	  0.600
       0:05.776	  1.000	  0.418	  0.529	  0.449	  0.520
       0:05.784	  1.000	  0.416	  0.555	  0.494	  0.439
       0:05.792	  1.000	  0.414	  0.580	  0.535	  0.380
       0:05.800	  1.000	  0.413	  0.600	  0.565	  0.329
       0:05.808	  1.000	  0.413	  0.616	  0.584	  0.294
       0:05.816	  1.000	  0.413	  0.616	  0.596	  0.274
       0:05.824	  1.000	  0.413	  0.610	  0.606	  0.265
       0:05.832	  1.000	  0.413	  0.616	  0.610	  0.265
       0:05.840	  1.000	  0.414	  0.600	  0.596	  0.269
       0:05.848	  1.000	  0.416	  0.580	  0.590	  0.284
       0:05.856	  1.000	  0.418	  0.571	  0.580	  0.304
       0:05.864	  1.000	  0.420	  0.571	  0.575	  0.314
       0:05.872	  1.000	  0.422	  0.575	  0.571	  0.320
       0:05.880	  1.000	  0.422	  0.584	  0.561	  0.329
       0:05.888	  1.000	  0.423	  0.584	  0.555	  0.345
       0:05.896	  1.000	  0.423	  0.590	  0.551	  0.339
       0:05.904	  1.000	  0.423	  0.575	  0.545	  0.365
       0:05.912	  1.000	  0.423	  0.584	  0.539	  0.375
       0:05.920	  1.000	  0.424	  0.575	  0.535	  0.375
       0:05.928	  1.000	  0.423	  0.580	  0.535	  0.380
       0:05.936	  1.000	  0.422	  0.571	  0.545	  0.365
       0:05.944	  1.000	  0.420	  0.565	  0.545	  0.371
       0:05.952	  1.000	  0.417	  0.555	  0.551	  0.345
       0:05.960	  1.000	  0.415	  0.555	  0.551	  0.339
       0:05.968	  1.000	  0.413	  0.545	  0.555	  0.335
       0:05.976	  1.000	  0.410	  0.539	  0.561	  0.335
       0:05.984	  1.000	  0.409	  0.539	  0.555	  0.339
       0:05.992	  1.000	  0.410	  0.555	  0.535	  0.371
       0:06.000	  1.000	  0.411	  0.571	  0.529	  0.380
       0:06.008	  1.000	  0.413	  0.590	  0.535	  0.380
       0:06.016	  1.000	  0.419	  0.590	  0.529	  0.371
       0:06.024	  1.000	  0.427	  0.571	  0.525	  0.380
       0:06.032	  1.000	  0.437	  0.551	  0.545	  0.339
       0:06.040	  1.000	  0.451	  0.520	  0.555	  0.324
       0:06.048	  1.000	  0.467	  0.500	  0.555	  0.335
       0:06.056	  1.000	  0.486	  0.480	  0.561	  0.339
       0:06.064	  1.000	  0.503	  0.471	  0.545	  0.355
       0:06.072	  1.000	  0.520	  0.465	  0.545	  0.359
       0:06.080	  0.983	  0.534	  0.480	  0.545	  0.349
       0:06.088	  0.967	  0.544	  0.490	  0.561	  0.335
       0:06.096	  0.946	  0.553	  0.500	  0.565	  0.329
       0:06.104	  0.927	  0.562	  0.490	  0.565	  0.329
       0:06.112	  0.904	  0.570	  0.484	  0.561	  0.339
       0:06.120	  0.882	  0.576	  0.520	  0.555	  0.355
       0:06.128	  0.858	  0.580	  0.616	  0.590	  0.269
       0:06.136	  0.835	  0.583	  0.484	  0.410	  0.596
       0:06.144	  0.810	  0.582	 -0.031	 -0.076	  1.504
       0:06.152	  0.787	  0.581	 -0.502	 -0.402	  1.504
       0:06.160	  0.764	  0.578	 -0.469	 -0.012	  1.504
       0:06.168	  0.742	  0.571	  0.114	  0.471	  0.606
       0:06.176	  0.722	  0.562	  0.365	  0.535	  0.410
       0:06.184	  0.702	  0.552	  0.435	  0.520	  0.394
       0:06.192	  0.681	  0.543	  0.471	  0.525	  0.375
       0:06.200	  0.662	  0.531	  0.500	  0.539	  0.349
       0:06.208	  0.642	  0.519	  0.520	  0.539	  0.349
       0:06.216	  0.623	  0.508	  0.520	  0.545	  0.345
       0:06.224	  0.605	  0.498	  0.520	  0.529	  0.359
       0:06.232	  0.587	  0.490	  0.506	  0.535	  0.355
       0:06.240	  0.573	  0.483	  0.506	  0.529	  0.365
       0:06.248	  0.557	  0.477	  0.500	  0.520	  0.390
       0:06.256	  0.544	  0.472	  0.510	  0.520	  0.380
       0:06.264	  0.530	  0.469	  0.520	  0.520	  0.384
       0:06.272	  0.517	  0.467	  0.506	  0.506	  0.404
       0:06.280	  0.503	  0.466	  0.500	  0.500	  0.410
       0:06.288	  0.493	  0.466	  0.500	  0.490	  0.404
       0:06.296	  0.482	  0.464	  0.500	  0.475	  0.461
       0:06.304	  0.473	  0.462	  0.494	  0.455	  0.484
       0:06.312	  0.464	  0.458	  0.500	  0.445	  0.500
       0:06.320	  0.456	  0.455	  0.500	  0.425	  0.529
       0:06.328	  0.450	  0.450	  0.500	  0.400	  0.571
       0:06.336	  0.443	  0.445	  0.490	  0.375	  0.610
       0:06.344	  0.437	  0.440	  0.484	  0.329	  0.680
       0:06.352	  0.432	  0.435	  0.484	  0.310	  0.716
       0:06.360	  0.427	  0.431	  0.490	  0.284	  0.751
       0:06.368	  0.423	  0.427	  0.484	  0.275	  0.767
       0:06.376	  0.419	  0.425	  0.500	  0.265	  0.776
       0:06.384	  0.416	  0.423	  0.494	  0.275	  0.767
       0:06.392	  0.413	  0.422	  0.500	  0.290	  0.735
       0:06.400	  0.411	  0.420	  0.494	  0.329	  0.690
       0:06.408	  0.409	  0.417	  0.500	  0.365	  0.629
       0:06.416	  0.408	  0.415	  0.484	  0.404	  0.571
       0:06.424	  0.406	  0.414	  0.490	  0.445	  0.510
       0:06.432	  0.406	  0.414	  0.494	  0.480	  0.465
       0:06.440	  0.405	  0.414	  0.500	  0.506	  0.420
       0:06.448	  0.405	  0.414	  0.500	  0.520	  0.390
       0:06.456	  0.406	  0.414	  0.506	  0.539	  0.359
       0:06.464	  0.406	  0.415	  0.510	  0.545	  0.355
       0:06.472	  0.407	  0.416	  0.510	  0.551	  0.349
       0:06.480	  0.407	  0.418	  0.520	  0.555	  0.339
       0:06.488	  0.407	  0.419	  0.516	  0.551	  0.345
       0:06.496	  0.407	  0.420	  0.520	  0.545	  0.355
       0:06.504	  0.407	  0.421	  0.510	  0.545	  0.365
       0:06.512	  0.406	  0.423	  0.516	  0.545	  0.359
       0:06.520	  0.405	  0.423	  0.510	  0.545	  0.359
       0:06.528	  0.403	  0.424	  0.510	  0.535	  0.375
       0:06.536	  0.401	  0.424	  0.510	  0.529	  0.380
       0:06.544	  0.398	  0.424	  0.520	  0.529	  0.390
       0:06.552	  0.395	  0.424	  0.510	  0.520	  0.404
       0:06.560	  0.391	  0.424	  0.510	  0.520	  0.410
       0:06.568	  0.388	  0.423	  0.510	  0.520	  0.400
       0:06.576	  0.382	  0.422	  0.520	  0.520	  0.394
       0:06.584	  0.377	  0.420	  0.516	  0.529	  0.384
       0:06.592	  0.370	  0.419	  0.520	  0.535	  0.380
       0:06.600	  0.363	  0.417	  0.520	  0.539	  0.371
       0:06.608	  0.354	  0.415	  0.520	  0.539	  0.365
       0:06.616	  0.346	  0.415	  0.520	  0.535	  0.375
       0:06.624	  0.336	  0.417	  0.535	  0.529	  0.390
       0:06.632	  0.327	  0.422	  0.555	  0.516	  0.404
       0:06.640	  0.320	  0.431	  0.571	  0.516	  0.416
       0:06.648	  0.311	  0.445	  0.590	  0.510	  0.404
       0:06.656	  0.303	  0.463	  0.590	  0.520	  0.400
       0:06.664	  0.296	  0.485	  0.561	  0.525	  0.380
       0:06.672	  0.289	  0.507	  0.539	  0.539	  0.355
       0:06.680	  0.283	  0.527	  0.506	  0.545	  0.355
       0:06.688	  0.278	  0.544	  0.484	  0.545	  0.349
       0:06.696	  0.273	  0.559	  0.471	  0.545	  0.375
       0:06.704	  0.269	  0.570	  0.461	  0.535	  0.384
       0:06.712	  0.266	  0.582	  0.475	  0.539	  0.371
       0:06.720	  0.263	  0.591	  0.484	  0.555	  0.349
       0:06.728	  0.261	  0.599	  0.494	  0.561	  0.339
       0:06.736	  0.260	  0.605	  0.484	  0.561	  0.355
       0:06.744	  0.259	  0.608	  0.490	  0.561	  0.349
       0:06.752	  0.259	  0.610	  0.480	  0.545	  0.359
       0:06.760	  0.259	  0.611	  0.584	  0.590	  0.278
       0:06.768	  0.258	  0.612	  0.620	  0.596	  0.265
       0:06.776	  0.258	  0.610	  0.345	  0.245	  0.922
       0:06.784	  0.258	  0.608	 -0.367	 -0.298	  1.504
       0:06.792	  0.258	  0.606	 -0.502	 -0.388	  1.504
       0:06.800	  0.257	  0.602	 -0.212	  0.265	  1.041
       0:06.808	  0.256	  0.597	  0.269	  0.525	  0.471
       0:06.816	  0.255	  0.590	  0.416	  0.535	  0.416
       0:06.824	  0.254	  0.581	  0.484	  0.539	  0.380
       0:06.832	  0.250	  0.569	  0.510	  0.539	  0.375
       0:06.840	  0.247	  0.557	  0.535	  0.545	  0.349
       0:06.848	  0.243	  0.544	  0.545	  0.555	  0.335
       0:06.856	  0.239	  0.531	  0.551	  0.565	  0.320
       0:06.864	  0.235	  0.519	  0.539	  0.545	  0.349
       0:06.872	  0.231	  0.509	  0.529	  0.545	  0.355
       0:06.880	  0.226	  0.501	  0.545	  0.539	  0.345
       0:06.888	  0.221	  0.495	  0.535	  0.525	  0.380
       0:06.896	  0.215	  0.489	  0.545	  0.525	  0.384
       0:06.904	  0.210	  0.485	  0.545	  0.520	  0.390
       0:06.912	  0.202	  0.481	  0.539	  0.506	  0.404
       0:06.920	  0.196	  0.478	  0.529	  0.500	  0.416
       0:06.928	  0.189	  0.475	  0.535	  0.500	  0.425
       0:06.936	  0.182	  0.472	  0.525	  0.484	  0.439
       0:06.944	  0.175	  0.469	  0.529	  0.475	  0.465
       0:06.952	  0.167	  0.467	  0.520	  0.449	  0.494
       0:06.960	  0.161	  0.463	  0.516	  0.420	  0.539
       0:06.968	  0.156	  0.460	  0.516	  0.394	  0.580
       0:06.976	  0.152	  0.457	  0.520	  0.371	  0.625
       0:06.984	  0.148	  0.455	  0.520	  0.329	  0.676
       0:06.992	  0.144	  0.453	  0.525	  0.310	  0.706
       0:07.000	  0.141	  0.450	  0.520	  0.284	  0.741
       0:07.008	  0.138	  0.447	  0.529	  0.278	  0.755
       0:07.016	  0.135	  0.442	  0.535	  0.284	  0.751
       0:07.024	  0.134	  0.437	  0.539	  0.290	  0.735
       0:07.032	  0.132	  0.433	  0.525	  0.310	  0.706
       0:07.040	  0.131	  0.428	  0.520	  0.339	  0.661
       0:07.048	  0.131	  0.424	  0.516	  0.375	  0.606
       0:07.056	  0.131	  0.420	  0.510	  0.410	  0.551
       0:07.064	  0.132	  0.416	  0.510	  0.445	  0.506
       0:07.072	  0.133	  0.413	  0.510	  0.471	  0.461
       0:07.080	  0.134	  0.412	  0.516	  0.494	  0.429
       0:07.088	  0.135	  0.410	  0.510	  0.506	  0.410
       0:07.096	  0.136	  0.409	  0.516	  0.510	  0.404
       0:07.104	  0.136	  0.408	  0.510	  0.510	  0.404
       0:07.112	  0.137	  0.408	  0.520	  0.520	  0.400
       0:07.120	  0.137	  0.406	  0.520	  0.520	  0.404
       0:07.128	  0.137	  0.405	  0.529	  0.500	  0.425
       0:07.136	  0.137	  0.405	  0.529	  0.500	  0.429
       0:07.144	  0.137	  0.404	  0.529	  0.500	  0.435
       0:07.152	  0.136	  0.405	  0.529	  0.494	  0.445
       0:07.160	  0.135	  0.406	  0.525	  0.484	  0.449
       0:07.168	  0.133	  0.408	  0.525	  0.490	  0.449
       0:07.176	  0.131	  0.409	  0.539	  0.500	  0.445
       0:07.184	  0.128	  0.408	  0.535	  0.494	  0.445
       0:07.192	  0.126	  0.408	  0.545	  0.490	  0.449
       0:07.200	  0.124	  0.406	  0.545	  0.494	  0.449
       0:07.208	  0.121	  0.404	  0.555	  0.500	  0.439
       0:07.216	  0.117	  0.403	  0.561	  0.500	  0.435
       0:07.224	  0.113	  0.401	  0.561	  0.500	  0.435
       0:07.232	  0.108	  0.401	  0.555	  0.500	  0.425
       0:07.240	  0.103	  0.400	  0.551	  0.510	  0.420
       0:07.248	  0.096	  0.400	  0.555	  0.510	  0.420
       0:07.256	  0.090	  0.401	  0.551	  0.516	  0.416
       0:07.264	  0.082	  0.404	  0.571	  0.500	  0.429
       0:07.272	  0.075	  0.409	  0.590	  0.494	  0.439
       0:07.280	  0.069	  0.416	  0.606	  0.500	  0.435
       0:07.288	  0.064	  0.426	  0.606	  0.500	  0.429
       0:07.296	  0.060	  0.441	  0.584	  0.500	  0.420
       0:07.304	  0.056	  0.459	  0.561	  0.516	  0.390
       0:07.312	  0.052	  0.480	  0.525	  0.520	  0.380
       0:07.320	  0.049	  0.500	  0.500	  0.525	  0.380
       0:07.328	  0.046	  0.520	  0.475	  0.520	  0.394
       0:07.336	  0.043	  0.539	  0.475	  0.516	  0.404
       0:07.344	  0.041	  0.554	  0.475	  0.525	  0.390
       0:07.352	  0.039	  0.566	  0.475	  0.529	  0.384
       0:07.360	  0.038	  0.574	  0.494	  0.539	  0.380
       0:07.368	  0.037	  0.581	  0.494	  0.551	  0.359
       0:07.376	  0.036	  0.584	  0.500	  0.539	  0.365
       0:07.384	  0.036	  0.585	  0.490	  0.545	  0.359
       0:07.392	  0.036	  0.586	  0.529	  0.539	  0.375
       0:07.400	  0.036	  0.586	  0.620	  0.571	  0.294
       0:07.408	  0.037	  0.585	  0.510	  0.375	  0.651
       0:07.416	  0.038	  0.584	 -0.012	 -0.112	  1.504
       0:07.424	  0.040	  0.582	 -0.502	 -0.408	  1.504
       0:07.432	  0.042	  0.579	 -0.363	  0.018	  1.504
       0:07.440	  0.045	  0.574	  0.220	  0.500	  0.551
       0:07.448	  0.048	  0.569	  0.420	  0.565	  0.359
       0:07.456	  0.052	  0.560	  0.445	  0.539	  0.380
       0:07.464	  0.056	  0.550	  0.475	  0.535	  0.355
       0:07.472	  0.061	  0.537	  0.494	  0.545	  0.339
       0:07.480	  0.065	  0.523	  0.516	  0.551	  0.329
       0:07.488	  0.071	  0.510	  0.520	  0.535	  0.339
       0:07.496	  0.077	  0.498	  0.506	  0.539	  0.339
       0:07.504	  0.083	  0.487	  0.500	  0.539	  0.335
       0:07.512	  0.090	  0.478	  0.506	  0.545	  0.339
       0:07.520	  0.097	  0.471	  0.500	  0.545	  0.345
       0:07.528	  0.103	  0.466	  0.494	  0.529	  0.359
       0:07.536	  0.111	  0.463	  0.490	  0.525	  0.359
       0:07.544	  0.120	  0.460	  0.500	  0.520	  0.375
       0:07.552	  0.130	  0.457	  0.490	  0.525	  0.380
       0:07.560	  0.141	  0.454	  0.484	  0.516	  0.390
       0:07.568	  0.152	  0.450	  0.475	  0.500	  0.410
       0:07.576	  0.165	  0.448	  0.475	  0.480	  0.429
       0:07.584	  0.179	  0.446	  0.480	  0.484	  0.455
       0:07.592	  0.193	  0.442	  0.475	  0.445	  0.494
       0:07.600	  0.205	  0.438	  0.471	  0.420	  0.539
       0:07.608	  0.219	  0.434	  0.465	  0.390	  0.584
       0:07.616	  0.231	  0.431	  0.455	  0.355	  0.635
       0:07.624	  0.243	  0.427	  0.449	  0.329	  0.680
       0:07.632	  0.258	  0.424	  0.455	  0.310	  0.706
       0:07.640	  0.272	  0.422	  0.449	  0.304	  0.722
       0:07.648	  0.286	  0.419	  0.449	  0.290	  0.731
       0:07.656	  0.302	  0.415	  0.455	  0.304	  0.722
       0:07.664	  0.316	  0.413	  0.449	  0.314	  0.686
       0:07.672	  0.329	  0.411	  0.449	  0.349	  0.641
       0:07.680	  0.343	  0.409	  0.461	  0.390	  0.584
       0:07.688	  0.356	  0.407	  0.455	  0.439	  0.506
       0:07.696	  0.370	  0.405	  0.475	  0.475	  0.455
       0:07.704	  0.385	  0.402	  0.475	  0.506	  0.404
       0:07.712	  0.401	  0.400	  0.490	  0.539	  0.359
       0:07.720	  0.416	  0.397	  0.494	  0.551	  0.335
       0:07.728	  0.433	  0.394	  0.506	  0.565	  0.310
       0:07.736	  0.449	  0.392	  0.506	  0.590	  0.290
       0:07.744	  0.466	  0.390	  0.510	  0.580	  0.294
       0:07.752	  0.483	  0.390	  0.500	  0.575	  0.290
       0:07.760	  0.498	  0.389	  0.500	  0.590	  0.284
       0:07.768	  0.513	  0.391	  0.490	  0.571	  0.310
       0:07.776	  0.527	  0.393	  0.490	  0.580	  0.304
       0:07.784	  0.542	  0.394	  0.490	  0.590	  0.300
       0:07.792	  0.554	  0.393	  0.500	  0.565	  0.320
       0:07.800	  0.568	  0.393	  0.490	  0.551	  0.339
       0:07.808	  0.581	  0.392	  0.500	  0.555	  0.335
       0:07.816	  0.593	  0.390	  0.494	  0.561	  0.339
       0:07.824	  0.604	  0.389	  0.490	  0.545	  0.355
       0:07.832	  0.615	  0.388	  0.484	  0.551	  0.345
       0:07.840	  0.625	  0.387	  0.480	  0.545	  0.355
       0:07.848	  0.633	  0.386	  0.490	  0.545	  0.349
       0:07.856	  0.642	  0.385	  0.484	  0.565	  0.339
       0:07.864	  0.651	  0.383	  0.480	  0.561	  0.335
       0:07.872	  0.659	  0.381	  0.475	  0.561	  0.339
       0:07.880	  0.668	  0.379	  0.484	  0.565	  0.329
       0:07.888	  0.676	  0.378	  0.480	  0.555	  0.335
       0:07.896	  0.685	  0.377	  0.520	  0.555	  0.335
       0:07.904	  0.694	  0.378	  0.539	  0.561	  0.349
       0:07.912	  0.704	  0.381	  0.561	  0.539	  0.359
       0:07.920	  0.714	  0.388	  0.571	  0.545	  0.355
       0:07.928	  0.722	  0.398	  0.555	  0.545	  0.345
       0:07.936	  0.732	  0.413	  0.516	  0.561	  0.314
       0:07.944	  0.742	  0.430	  0.490	  0.571	  0.310
       0:07.952	  0.753	  0.451	  0.475	  0.571	  0.314
       0:07.960	  0.764	  0.471	  0.465	  0.575	  0.320
       0:07.968	  0.777	  0.491	  0.455	  0.571	  0.335
       0:07.976	  0.790	  0.507	  0.465	  0.565	  0.324
       0:07.984	  0.803	  0.520	  0.475	  0.565	  0.329
       0:07.992	  0.815	  0.534	  0.490	  0.580	  0.310
       0:08.000	  0.828	  0.546	  0.494	  0.580	  0.310
       0:08.008	  0.841	  0.557	  0.480	  0.571	  0.329
       0:08.016	  0.854	  0.565	  0.480	  0.580	  0.314
       0:08.024	  0.868	  0.570	  0.529	  0.575	  0.320
       0:08.032	  0.883	  0.572	  0.590	  0.590	  0.274
       0:08.040	  0.897	  0.572	  0.461	  0.335	  0.751
       0:08.048	  0.913	  0.570	 -0.073	 -0.227	  1.504
       0:08.056	  0.929	  0.568	 -0.502	 -0.424	  1.504
       0:08.064	  0.945	  0.565	 -0.237	  0.084	  1.408
       0:08.072	  0.961	  0.561	  0.284	  0.545	  0.475
       0:08.080	  0.976	  0.556	  0.461	  0.606	  0.320
       0:08.088	  0.989	  0.550	  0.449	  0.561	  0.345
       0:08.096	  0.995	  0.544	  0.475	  0.565	  0.335
       0:08.104	  1.000	  0.535	  0.494	  0.555	  0.339
       0:08.112	  1.000	  0.524	  0.516	  0.571	  0.314
       0:08.120	  1.000	  0.512	  0.535	  0.575	  0.310
       0:08.128	  1.000	  0.500	  0.545	  0.571	  0.314
       0:08.136	  1.000	  0.489	  0.535	  0.571	  0.320
       0:08.144	  1.000	  0.479	  0.535	  0.571	  0.314
       0:08.152	  1.000	  0.471	  0.535	  0.575	  0.324
       0:08.160	  1.000	  0.465	  0.545	  0.571	  0.324
       0:08.168	  1.000	  0.460	  0.539	  0.575	  0.329
       0:08.176	  1.000	  0.458	  0.529	  0.571	  0.335
       0:08.184	  1.000	  0.457	  0.525	  0.561	  0.345
       0:08.192	  1.000	  0.457	  0.529	  0.545	  0.359
       0:08.200	  1.000	  0.457	  0.539	  0.535	  0.380
       0:08.208	  1.000	  0.457	  0.555	  0.510	  0.416
       0:08.216	  1.000	  0.457	  0.561	  0.490	  0.455
       0:08.224	  1.000	  0.455	  0.545	  0.455	  0.500
       0:08.232	  1.000	  0.453	  0.520	  0.425	  0.555
       0:08.240	  1.000	  0.450	  0.510	  0.384	  0.620
       0:08.248	  1.000	  0.447	  0.494	  0.345	  0.690
       0:08.256	  1.000	  0.442	  0.480	  0.310	  0.751
       0:08.264	  1.000	  0.437	  0.471	  0.278	  0.790
       0:08.272	  1.000	  0.432	  0.465	  0.265	  0.812
       0:08.280	  1.000	  0.427	  0.471	  0.255	  0.822
       0:08.288	  1.000	  0.423	  0.475	  0.265	  0.806
       0:08.296	  1.000	  0.419	  0.480	  0.290	  0.767
       0:08.304	  1.000	  0.415	  0.494	  0.324	  0.710
       0:08.312	  1.000	  0.412	  0.510	  0.375	  0.629
       0:08.320	  1.000	  0.409	  0.520	  0.425	  0.545
       0:08.328	  1.000	  0.408	  0.529	  0.465	  0.475
       0:08.336	  1.000	  0.407	  0.529	  0.500	  0.420
       0:08.344	  1.000	  0.407	  0.539	  0.525	  0.384
       0:08.352	  1.000	  0.408	  0.545	  0.555	  0.339
       0:08.360	  1.000	  0.408	  0.561	  0.571	  0.300
       0:08.368	  1.000	  0.408	  0.571	  0.590	  0.274
       0:08.376	  1.000	  0.409	  0.565	  0.590	  0.284
       0:08.384	  1.000	  0.408	  0.555	  0.584	  0.290
       0:08.392	  1.000	  0.408	  0.555	  0.580	  0.294
       0:08.400	  1.000	  0.407	  0.545	  0.580	  0.300
       0:08.408	  1.000	  0.406	  0.539	  0.571	  0.310
       0:08.416	  1.000	  0.406	  0.529	  0.565	  0.324
       0:08.424	  1.000	  0.405	  0.529	  0.555	  0.339
       0:08.432	  1.000	  0.405	  0.520	  0.551	  0.335
       0:08.440	  1.000	  0.406	  0.525	  0.545	  0.355
       0:08.448	  1.000	  0.406	  0.520	  0.539	  0.371
       0:08.456	  1.000	  0.404	  0.525	  0.529	  0.375
       0:08.464	  1.000	  0.402	  0.516	  0.535	  0.371
       0:08.472	  1.000	  0.400	  0.506	  0.529	  0.380
       0:08.480	  1.000	  0.398	  0.506	  0.539	  0.380
       0:08.488	  1.000	  0.396	  0.500	  0.535	  0.375
       0:08.496	  0.975	  0.394	  0.506	  0.539	  0.371
       0:08.504	  0.948	  0.391	  0.500	  0.545	  0.349
       0:08.512	  0.915	  0.390	  0.506	  0.535	  0.371
       0:08.520	  0.882	  0.389	  0.494	  0.539	  0.359
       0:08.528	  0.848	  0.389	  0.500	  0.529	  0.380
       0:08.536	  0.812	  0.390	  0.516	  0.525	  0.384
       0:08.544	  0.778	  0.392	  0.539	  0.520	  0.394
       0:08.552	  0.744	  0.396	  0.555	  0.516	  0.404
       0:08.560	  0.714	  0.403	  0.565	  0.520	  0.384
       0:08.568	  0.683	  0.413	  0.535	  0.520	  0.380
       0:08.576	  0.657	  0.423	  0.520	  0.539	  0.349
       0:08.584	  0.630	  0.436	  0.490	  0.545	  0.345
       0:08.592	  0.607	  0.453	  0.475	  0.545	  0.339
       0:08.600	  0.584	  0.471	  0.445	  0.551	  0.365
       0:08.608	  0.562	  0.489	  0.439	  0.529	  0.380
       0:08.616	  0.541	  0.507	  0.445	  0.539	  0.359
       0:08.624	  0.523	  0.525	  0.455	  0.545	  0.359
       0:08.632	  0.505	  0.540	  0.471	  0.561	  0.339
       0:08.640	  0.490	  0.551	  0.475	  0.555	  0.345
       0:08.648	  0.475	  0.560	  0.475	  0.551	  0.355
       0:08.656	  0.463	  0.565	  0.471	  0.555	  0.355
       0:08.664	  0.451	  0.566	  0.500	  0.545	  0.339
       0:08.672	  0.441	  0.566	  0.600	  0.584	  0.274
       0:08.680	  0.431	  0.564	  0.490	  0.416	  0.584
       0:08.688	  0.423	  0.560	 -0.002	 -0.047	  1.469
       0:08.696	  0.415	  0.555	 -0.502	 -0.418	  1.504
       0:08.704	  0.409	  0.550	 -0.502	 -0.067	  1.504
       0:08.712	  0.402	  0.544	  0.053	  0.439	  0.676
       0:08.720	  0.396	  0.535	  0.339	  0.529	  0.429
       0:08.728	  0.390	  0.524	  0.420	  0.516	  0.416
       0:08.736	  0.384	  0.512	  0.461	  0.525	  0.384
       0:08.744	  0.379	  0.501	  0.494	  0.535	  0.359
       0:08.752	  0.373	  0.493	  0.520	  0.551	  0.329
       0:08.760	  0.368	  0.486	  0.520	  0.545	  0.339
       0:08.768	  0.362	  0.480	  0.500	  0.529	  0.359
       0:08.776	  0.356	  0.475	  0.500	  0.529	  0.371
       0:08.784	  0.350	  0.472	  0.500	  0.525	  0.365
       0:08.792	  0.345	  0.470	  0.500	  0.520	  0.384
       0:08.800	  0.340	  0.470	  0.506	  0.516	  0.380
       0:08.808	  0.335	  0.469	  0.516	  0.510	  0.390
       0:08.816	  0.330	  0.467	  0.510	  0.500	  0.404
       0:08.824	  0.326	  0.465	  0.500	  0.490	  0.416
       0:08.832	  0.322	  0.462	  0.494	  0.484	  0.425
       0:08.840	  0.317	  0.459	  0.494	  0.471	  0.461
       0:08.848	  0.313	  0.456	  0.490	  0.465	  0.471
       0:08.856	  0.310	  0.452	  0.494	  0.449	  0.494
       0:08.864	  0.308	  0.449	  0.490	  0.429	  0.516
       0:08.872	  0.306	  0.446	  0.494	  0.404	  0.565
       0:08.880	  0.305	  0.443	  0.494	  0.375	  0.610
       0:08.888	  0.304	  0.441	  0.500	  0.339	  0.671
       0:08.896	  0.304	  0.439	  0.500	  0.304	  0.716
       0:08.904	  0.304	  0.437	  0.500	  0.284	  0.741
       0:08.912	  0.305	  0.434	  0.510	  0.275	  0.761
       0:08.920	  0.306	  0.432	  0.506	  0.265	  0.780
       0:08.928	  0.308	  0.429	  0.516	  0.275	  0.786
       0:08.936	  0.310	  0.427	  0.520	  0.284	  0.741
       0:08.944	  0.313	  0.424	  0.520	  0.314	  0.696
       0:08.952	  0.315	  0.422	  0.520	  0.355	  0.635
       0:08.960	  0.319	  0.421	  0.516	  0.394	  0.575
       0:08.968	  0.322	  0.419	  0.500	  0.429	  0.520
       0:08.976	  0.326	  0.418	  0.510	  0.465	  0.465
       0:08.984	  0.329	  0.417	  0.506	  0.494	  0.425
       0:08.992	  0.334	  0.415	  0.516	  0.510	  0.400
       0:09.000	  0.339	  0.413	  0.506	  0.525	  0.380
       0:09.008	  0.344	  0.412	  0.516	  0.535	  0.375
       0:09.016	  0.348	  0.411	  0.516	  0.539	  0.359
       0:09.024	  0.353	  0.411	  0.520	  0.545	  0.355
       0:09.032	  0.358	  0.411	  0.520	  0.545	  0.355
       0:09.040	  0.361	  0.412	  0.529	  0.545	  0.359
       0:09.048	  0.365	  0.412	  0.525	  0.529	  0.375
       0:09.056	  0.368	  0.412	  0.535	  0.535	  0.371
       0:09.064	  0.370	  0.411	  0.520	  0.529	  0.375
       0:09.072	  0.370	  0.411	  0.520	  0.535	  0.371
       0:09.080	  0.371	  0.411	  0.520	  0.520	  0.390
       0:09.088	  0.370	  0.413	  0.520	  0.520	  0.394
       0:09.096	  0.370	  0.414	  0.516	  0.520	  0.390
       0:09.104	  0.369	  0.416	  0.516	  0.516	  0.404
       0:09.112	  0.367	  0.418	  0.520	  0.520	  0.410
       0:09.120	  0.365	  0.418	  0.516	  0.520	  0.400
       0:09.128	  0.362	  0.418	  0.520	  0.516	  0.404
       0:09.136	  0.356	  0.418	  0.520	  0.516	  0.404
       0:09.144	  0.351	  0.418	  0.525	  0.525	  0.390
       0:09.152	  0.343	  0.419	  0.520	  0.525	  0.384
       0:09.160	  0.335	  0.419	  0.529	  0.535	  0.365
       0:09.168	  0.326	  0.420	  0.535	  0.520	  0.394
       0:09.176	  0.318	  0.422	  0.555	  0.510	  0.410
       0:09.184	  0.308	  0.426	  0.575	  0.500	  0.425
       0:09.192	  0.299	  0.436	  0.590	  0.500	  0.425
       0:09.200	  0.289	  0.451	  0.596	  0.500	  0.416
       0:09.208	  0.281	  0.469	  0.561	  0.500	  0.416
       0:09.216	  0.273	  0.489	  0.539	  0.525	  0.371
       0:09.224	  0.264	  0.510	  0.520	  0.520	  0.384
       0:09.232	  0.256	  0.532	  0.494	  0.520	  0.380
       0:09.240	  0.248	  0.552	  0.480	  0.520	  0.400
       0:09.248	  0.240	  0.569	  0.475	  0.520	  0.390
       0:09.256	  0.234	  0.583	  0.484	  0.520	  0.380
       0:09.264	  0.228	  0.592	  0.500	  0.539	  0.359
       0:09.272	  0.222	  0.598	  0.506	  0.551	  0.345
       0:09.280	  0.218	  0.602	  0.500	  0.539	  0.371
       0:09.288	  0.214	  0.604	  0.500	  0.535	  0.365
       0:09.296	  0.209	  0.605	  0.500	  0.529	  0.384
       0:09.304	  0.204	  0.606	  0.590	  0.565	  0.304
       0:09.312	  0.199	  0.606	  0.635	  0.571	  0.290
       0:09.320	  0.196	  0.606	  0.384	  0.245	  0.896
       0:09.328	  0.190	  0.604	 -0.308	 -0.302	  1.504
       0:09.336	  0.185	  0.600	 -0.502	 -0.408	  1.504
       0:09.344	  0.180	  0.596	 -0.212	  0.224	  1.092
       0:09.352	  0.175	  0.590	  0.274	  0.506	  0.490
       0:09.360	  0.170	  0.584	  0.429	  0.520	  0.425
       0:09.368	  0.165	  0.575	  0.480	  0.506	  0.404
       0:09.376	  0.161	  0.567	  0.520	  0.516	  0.380
       0:09.384	  0.156	  0.558	  0.535	  0.520	  0.375
       0:09.392	  0.151	  0.547	  0.545	  0.535	  0.355
       0:09.400	  0.146	  0.537	  0.529	  0.525	  0.371
       0:09.408	  0.139	  0.527	  0.520	  0.510	  0.400
       0:09.416	  0.133	  0.518	  0.510	  0.500	  0.416
       0:09.424	  0.127	  0.510	  0.510	  0.490	  0.425
       0:09.432	  0.121	  0.503	  0.500	  0.471	  0.461
       0:09.440	  0.115	  0.498	  0.520	  0.471	  0.471
       0:09.448	  0.109	  0.495	  0.529	  0.475	  0.471
       0:09.456	  0.104	  0.492	  0.539	  0.461	  0.484
       0:09.464	  0.098	  0.488	  0.545	  0.449	  0.500
       0:09.472	  0.092	  0.485	  0.539	  0.445	  0.516
       0:09.480	  0.086	  0.482	  0.561	  0.425	  0.535
       0:09.488	  0.080	  0.478	  0.565	  0.416	  0.555
       0:09.496	  0.074	  0.474	  0.565	  0.400	  0.580
       0:09.504	  0.069	  0.470	  0.561	  0.380	  0.616
       0:09.512	  0.065	  0.466	  0.571	  0.355	  0.655
       0:09.520	  0.062	  0.463	  0.571	  0.329	  0.690
       0:09.528	  0.058	  0.459	  0.571	  0.300	  0.745
       0:09.536	  0.055	  0.456	  0.571	  0.278	  0.780
       0:09.544	  0.053	  0.452	  0.575	  0.259	  0.800
       0:09.552	  0.052	  0.448	  0.575	  0.249	  0.816
       0:09.560	  0.050	  0.444	  0.580	  0.245	  0.826
       0:09.568	  0.050	  0.440	  0.571	  0.265	  0.796
       0:09.576	  0.050	  0.437	  0.571	  0.290	  0.751
       0:09.584	  0.051	  0.433	  0.561	  0.329	  0.696
       0:09.592	  0.051	  0.429	  0.555	  0.359	  0.645
       0:09.600	  0.052	  0.425	  0.545	  0.410	  0.575
       0:09.608	  0.054	  0.422	  0.545	  0.455	  0.510
       0:09.616	  0.054	  0.420	  0.545	  0.484	  0.461
       0:09.624	  0.055	  0.419	  0.545	  0.500	  0.420
       0:09.632	  0.055	  0.417	  0.551	  0.525	  0.390
       0:09.640	  0.055	  0.416	  0.561	  0.539	  0.371
       0:09.648	  0.054	  0.415	  0.551	  0.545	  0.365
       0:09.656	  0.053	  0.415	  0.555	  0.545	  0.355
       0:09.664	  0.051	  0.415	  0.561	  0.545	  0.355
       0:09.672	  0.050	  0.415	  0.545	  0.551	  0.359
       0:09.680	  0.048	  0.417	  0.555	  0.551	  0.355
       0:09.688	  0.046	  0.418	  0.545	  0.539	  0.371
       0:09.696	  0.043	  0.418	  0.545	  0.535	  0.380
       0:09.704	  0.040	  0.418	  0.545	  0.539	  0.375
       0:09.712	  0.036	  0.417	  0.535	  0.525	  0.380
       0:09.720	  0.032	  0.417	  0.535	  0.529	  0.384
       0:09.728	  0.028	  0.417	  0.535	  0.525	  0.384
       0:09.736	  0.023	  0.418	  0.529	  0.529	  0.384
       0:09.744	  0.021	  0.418	  0.535	  0.525	  0.390
       0:09.752	  0.017	  0.417	  0.520	  0.539	  0.375
       0:09.760	  0.015	  0.416	  0.525	  0.539	  0.371
       0:09.768	  0.013	  0.414	  0.516	  0.545	  0.365
       0:09.776	  0.012	  0.413	  0.520	  0.539	  0.355
       0:09.784	  0.011	  0.413	  0.516	  0.551	  0.339
       0:09.792	  0.010	  0.412	  0.520	  0.555	  0.349
       0:09.800	  0.010	  0.413	  0.520	  0.535	  0.359
       0:09.808	  0.013	  0.414	  0.545	  0.525	  0.375
       0:09.816	  0.016	  0.417	  0.565	  0.525	  0.371
       0:09.824	  0.021	  0.422	  0.580	  0.529	  0.359
       0:09.832	  0.025	  0.431	  0.571	  0.520	  0.371
       0:09.840	  0.032	  0.444	  0.545	  0.535	  0.345
       0:09.848	  0.039	  0.460	  0.506	  0.545	  0.320
       0:09.856	  0.048	  0.478	  0.490	  0.555	  0.314
       0:09.864	  0.056	  0.497	  0.475	  0.551	  0.320
       0:09.872	  0.068	  0.511	  0.475	  0.561	  0.345
       0:09.880	  0.080	  0.525	  0.465	  0.545	  0.339
       0:09.888	  0.095	  0.538	  0.475	  0.555	  0.335
       0:09.896	  0.110	  0.550	  0.475	  0.565	  0.320
       0:09.904	  0.125	  0.560	  0.480	  0.575	  0.310
       0:09.912	  0.141	  0.567	  0.475	  0.565	  0.320
       0:09.920	  0.156	  0.572	  0.471	  0.571	  0.310
       0:09.928	  0.172	  0.576	  0.475	  0.575	  0.310
       0:09.936	  0.191	  0.578	  0.545	  0.596	  0.255
       0:09.944	  0.210	  0.579	  0.590	  0.600	  0.249
       0:09.952	  0.232	  0.579	  0.355	  0.233	  0.916
       0:09.960	  0.253	  0.579	 -0.257	 -0.312	  1.504
       0:09.968	  0.276	  0.577	 -0.502	 -0.418	  1.504
       0:09.976	  0.299	  0.574	 -0.122	  0.265	  1.051
       0:09.984	  0.322	  0.570	  0.335	  0.580	  0.365
       0:09.992	  0.344	  0.564	  0.439	  0.600	  0.304